1	470
2	468
3	462
4	464
5	466
6	468
7	465
8	464
9	468
10	473
11	470
12	469
13	470
14	472
15	468
16	467
17	467
18	462
19	469
20	466
21	467
22	464
23	468
24	468
25	466
26	466
27	469
28	470
29	470
30	471
31	470
32	473
33	473
34	472
35	471
36	467
37	472
38	472
39	472
40	472
41	468
42	472
43	466
44	465
45	462
46	466
47	467
48	467
49	468
50	466
51	468
52	468
53	465
54	464
55	469
56	471
57	467
58	466
59	467
60	468
61	467
62	466
63	466
64	468
65	468
66	466
67	468
68	468
69	472
70	470
71	471
72	472
73	471
74	470
75	469
76	468
77	465
78	464
79	466
80	464
81	468
82	466
83	464
84	472
85	468
86	468
87	470
88	470
89	470
90	473
91	466
92	467
93	468
94	466
95	468
96	468
97	468
98	465
99	467
100	468
101	470
102	469
103	473
104	471
105	472
106	466
107	465
108	464
109	464
110	468
111	466
112	469
113	470
114	472
115	472
116	472
117	470
118	466
119	466
120	468
121	466
122	467
123	467
124	466
125	468
126	464
127	464
128	468
129	470
130	472
131	471
132	468
133	473
134	470
135	472
136	472
137	471
138	471
139	472
140	472
141	472
142	466
143	468
144	468
145	464
146	464
147	464
148	466
149	467
150	468
151	471
152	468
153	472
154	472
155	470
156	468
157	468
158	468
159	466
160	468
161	468
162	467
163	467
164	468
165	470
166	472
167	471
168	473
169	471
170	471
171	472
172	462
173	462
174	468
175	468
176	464
177	467
178	468
179	468
180	464
181	470
182	468
183	471
184	470
185	466
186	462
187	462
188	462
189	467
190	465
191	468
192	468
193	466
194	468
195	464
196	471
197	472
198	470
199	473
200	473
201	471
202	472
203	471
204	471
205	471
206	470
207	467
208	464
209	466
210	464
211	467
212	467
213	468
214	464
215	468
216	467
217	468
218	466
219	467
220	466
221	470
222	472
223	470
224	471
225	469
226	472
227	470
228	468
229	473
230	468
231	464
232	468
233	466
234	471
235	472
236	472
237	470
238	467
239	473
240	472
241	470
242	470
243	468
244	473
245	467
246	466
247	469
248	468
249	468
250	466
251	472
252	470
253	472
254	470
255	472
256	469
257	472
258	472
259	468
260	470
261	472
262	471
263	465
264	464
265	469
266	464
267	467
268	471
269	471
270	473
271	468
272	470
273	470
274	468
275	472
276	472
277	466
278	466
279	465
280	467
281	468
282	464
283	468
284	470
285	470
286	470
287	473
288	469
289	468
290	471
291	467
292	470
293	474
294	463
295	464
296	467
297	464
298	467
299	468
300	470
301	473
302	473
303	469
304	471
305	470
306	471
307	470
308	471
309	471
310	462
311	462
312	468
313	466
314	466
315	468
316	473
317	468
318	469
319	471
320	470
321	470
322	472
323	462
324	466
325	462
326	468
327	465
328	465
329	468
330	464
331	467
332	468
333	471
334	471
335	473
336	471
337	471
338	468
339	472
340	466
341	462
342	467
343	468
344	464
345	464
346	467
347	467
348	468
349	466
350	472
351	473
352	470
353	471
354	472
355	469
356	466
357	463
358	466
359	466
360	465
361	468
362	468
363	466
364	469
365	471
366	471
367	469
368	471
369	469
370	471
371	464
372	468
373	469
374	467
375	467
376	468
377	466
378	470
379	468
380	470
381	471
382	472
383	474
384	465
385	466
386	466
387	466
388	470
389	473
390	470
391	469
392	473
393	473
394	469
395	473
396	471
397	466
398	467
399	465
400	468
401	467
402	469
403	470
404	470
405	469
406	468
407	470
408	468
409	473
410	474
411	466
412	469
413	467
414	467
415	466
416	471
417	470
418	469
419	473
420	469
421	472
422	471
423	470
424	466
425	468
426	467
427	465
428	468
429	467
430	467
431	468
432	464
433	468
434	466
435	472
436	470
437	470
438	473
439	471
440	472
441	471
442	473
443	470
444	468
445	466
446	464
447	465
448	464
449	464
450	468
451	466
452	467
453	467
454	472
455	470
456	468
457	469
458	470
459	473
460	473
461	471
462	472
463	472
464	466
465	469
466	466
467	468
468	466
469	468
470	466
471	466
472	466
473	465
474	468
475	463
476	469
477	472
478	471
479	469
480	473
481	472
482	471
483	469
484	471
485	471
486	471
487	468
488	471
489	473
490	462
491	466
492	468
493	467
494	469
495	464
496	467
497	464
498	468
499	468
500	468
501	468
502	468
503	472
504	472
505	472
506	472
507	469
508	471
509	472
510	473
511	466
512	462
513	464
514	468
515	468
516	466
517	467
518	467
519	471
520	469
521	473
522	471
523	473
524	464
525	466
526	464
527	466
528	464
529	464
530	468
531	468
532	467
533	463
534	473
535	468
536	473
537	473
538	470
539	472
540	469
541	473
542	467
543	466
544	469
545	468
546	471
547	473
548	473
549	469
550	470
551	472
552	471
553	473
554	472
555	470
556	474
557	462
558	468
559	464
560	468
561	468
562	464
563	466
564	469
565	467
566	472
567	470
568	471
569	473
570	472
571	473
572	470
573	472
574	470
575	468
576	470
577	474
578	462
579	468
580	465
581	464
582	464
583	464
584	466
585	466
586	468
587	467
588	464
589	466
590	467
591	469
592	472
593	470
594	472
595	472
596	472
597	468
598	471
599	474
600	466
601	468
602	466
603	466
604	464
605	464
606	468
607	470
608	473
609	470
610	472
611	470
612	472
613	468
614	470
615	470
616	462
617	468
618	466
619	464
620	466
621	466
622	468
623	468
624	468
625	468
626	473
627	472
628	470
629	468
630	468
631	466
632	464
633	467
634	464
635	466
636	468
637	470
638	472
639	473
640	472
641	471
642	468
643	472
644	472
645	468
646	470
647	471
648	470
649	466
650	466
651	465
652	468
653	464
654	468
655	468
656	469
657	472
658	470
659	469
660	471
661	472
662	471
663	470
664	472
665	467
666	466
667	465
668	468
669	468
670	464
671	464
672	469
673	472
674	472
675	469
676	473
677	471
678	472
679	471
680	464
681	467
682	464
683	469
684	469
685	470
686	470
687	472
688	472
689	473
690	473
691	468
692	470
693	468
694	466
695	462
696	464
697	464
698	467
699	462
700	467
701	466
702	467
703	466
704	468
705	468
706	464
707	469
708	468
709	473
710	473
711	470
712	471
713	473
714	462
715	464
716	466
717	468
718	467
719	466
720	466
721	468
722	464
723	465
724	465
725	465
726	468
727	473
728	464
729	465
730	464
731	468
732	464
733	467
734	464
735	469
736	468
737	467
738	468
739	468
740	470
741	472
742	470
743	467
744	470
745	472
746	473
747	468
748	473
749	466
750	466
751	465
752	467
753	468
754	465
755	468
756	468
757	468
758	470
759	471
760	468
761	472
762	474
763	464
764	466
765	466
766	464
767	470
768	473
769	470
770	468
771	472
772	468
773	473
774	470
775	473
776	467
777	468
778	466
779	466
780	466
781	471
782	473
783	470
784	468
785	462
786	462
787	465
788	464
789	468
790	468
791	468
792	464
793	469
794	473
795	469
796	470
797	471
798	472
799	471
800	470
801	473
802	462
803	462
804	466
805	464
806	464
807	466
808	468
809	467
810	468
811	468
812	466
813	468
814	471
815	468
816	472
817	469
818	469
819	468
820	470
821	471
822	468
823	472
824	471
825	473
826	471
827	465
828	468
829	464
830	468
831	464
832	467
833	468
834	468
835	466
836	469
837	473
838	471
839	472
840	471
841	470
842	473
843	470
844	472
845	471
846	462
847	464
848	466
849	467
850	467
851	466
852	464
853	468
854	468
855	470
856	473
857	468
858	471
859	472
860	473
861	466
862	464
863	468
864	468
865	468
866	466
867	468
868	468
869	466
870	471
871	472
872	471
873	470
874	471
875	472
876	471
877	472
878	471
879	466
880	469
881	466
882	467
883	468
884	468
885	468
886	471
887	471
888	469
889	470
890	472
891	470
892	472
893	470
894	470
895	469
896	473
897	465
898	466
899	468
900	464
901	468
902	466
903	468
904	466
905	469
906	471
907	472
908	472
909	473
910	468
911	472
912	468
913	472
914	465
915	466
916	468
917	465
918	464
919	467
920	467
921	466
922	465
923	464
924	470
925	470
926	470
927	472
928	472
929	469
930	467
931	466
932	467
933	466
934	468
935	464
936	468
937	468
938	468
939	467
940	468
941	466
942	467
943	471
944	469
945	470
946	472
947	469
948	472
949	472
950	472
951	468
952	462
953	462
954	466
955	466
956	468
957	468
958	464
959	466
960	473
961	472
962	470
963	468
964	469
965	471
966	468
967	466
968	468
969	466
970	468
971	467
972	468
973	468
974	468
975	466
976	469
977	470
978	468
979	471
980	472
981	470
982	468
983	464
984	467
985	466
986	468
987	468
988	466
989	468
990	464
991	468
992	467
993	468
994	467
995	467
996	472
997	470
998	469
999	468
1000	468
1001	469
1002	467
1003	465
1004	467
1005	464
1006	468
1007	466
1008	472
1009	468
1010	471
1011	473
1012	472
1013	472
1014	472
1015	472
1016	471
1017	467
1018	470
1019	468
1020	469
1021	464
1022	467
1023	465
1024	469
1025	468
1026	467
1027	469
1028	472
1029	470
1030	470
1031	471
1032	470
1033	466
1034	465
1035	468
1036	468
1037	469
1038	466
1039	466
1040	468
1041	467
1042	467
1043	467
1044	470
1045	472
1046	471
1047	473
1048	472
1049	466
1050	468
1051	466
1052	468
1053	466
1054	465
1055	467
1056	470
1057	473
1058	470
1059	468
1060	472
1061	468
1062	470
1063	472
1064	468
1065	466
1066	468
1067	468
1068	468
1069	468
1070	467
1071	469
1072	469
1073	470
1074	472
1075	473
1076	472
1077	471
1078	472
1079	470
1080	473
1081	466
1082	468
1083	468
1084	467
1085	468
1086	465
1087	468
1088	468
1089	472
1090	472
1091	470
1092	473
1093	472
1094	470
1095	471
1096	473
1097	468
1098	468
1099	466
1100	468
1101	466
1102	466
1103	468
1104	468
1105	468
1106	471
1107	468
1108	472
1109	473
1110	472
1111	470
1112	470
1113	470
1114	474
1115	462
1116	467
1117	466
1118	468
1119	471
1120	468
1121	473
1122	469
1123	473
1124	472
1125	470
1126	471
1127	467
1128	466
1129	464
1130	465
1131	468
1132	468
1133	466
1134	464
1135	468
1136	472
1137	469
1138	470
1139	471
1140	471
1141	468
1142	468
1143	469
1144	466
1145	466
1146	466
1147	466
1148	464
1149	468
1150	464
1151	468
1152	467
1153	468
1154	468
1155	468
1156	472
1157	473
1158	471
1159	472
1160	471
1161	468
1162	464
1163	466
1164	467
1165	468
1166	466
1167	467
1168	468
1169	468
1170	464
1171	472
1172	470
1173	473
1174	471
1175	474
1176	474
1177	464
1178	464
1179	464
1180	467
1181	466
1182	468
1183	466
1184	468
1185	467
1186	470
1187	469
1188	473
1189	467
1190	470
1191	470
1192	471
1193	470
1194	468
1195	473
1196	464
1197	466
1198	466
1199	468
1200	468
1201	464
1202	466
1203	469
1204	467
1205	469
1206	472
1207	471
1208	472
1209	470
1210	472
1211	471
1212	468
1213	470
1214	473
1215	473
1216	462
1217	466
1218	466
1219	468
1220	468
1221	468
1222	464
1223	473
1224	468
1225	473
1226	470
1227	470
1228	472
1229	468
1230	466
1231	468
1232	468
1233	467
1234	465
1235	468
1236	467
1237	467
1238	468
1239	471
1240	472
1241	473
1242	471
1243	468
1244	468
1245	473
1246	473
1247	473
1248	469
1249	473
1250	471
1251	468
1252	466
1253	466
1254	470
1255	470
1256	471
1257	472
1258	473
1259	473
1260	470
1261	471
1262	472
1263	473
1264	465
1265	466
1266	467
1267	468
1268	467
1269	467
1270	468
1271	464
1272	468
1273	469
1274	468
1275	473
1276	470
1277	471
1278	470
1279	468
1280	473
1281	462
1282	468
1283	468
1284	468
1285	468
1286	466
1287	472
1288	468
1289	470
1290	471
1291	468
1292	469
1293	468
1294	468
1295	462
1296	462
1297	468
1298	466
1299	466
1300	465
1301	465
1302	469
1303	467
1304	467
1305	468
1306	468
1307	468
1308	467
1309	470
1310	468
1311	468
1312	470
1313	468
1314	468
1315	472
1316	470
1317	471
1318	472
1319	468
1320	469
1321	462
1322	463
1323	466
1324	465
1325	464
1326	468
1327	464
1328	464
1329	464
1330	468
1331	467
1332	466
1333	471
1334	472
1335	470
1336	470
1337	473
1338	473
1339	473
1340	473
1341	462
1342	468
1343	464
1344	468
1345	466
1346	466
1347	468
1348	468
1349	468
1350	468
1351	468
1352	473
1353	473
1354	470
1355	473
1356	462
1357	468
1358	468
1359	468
1360	468
1361	468
1362	465
1363	465
1364	468
1365	470
1366	473
1367	473
1368	470
1369	468
1370	471
1371	472
1372	467
1373	468
1374	467
1375	464
1376	464
1377	468
1378	468
1379	469
1380	468
1381	467
1382	467
1383	468
1384	472
1385	473
1386	473
1387	471
1388	472
1389	472
1390	473
1391	469
1392	468
1393	472
1394	471
1395	470
1396	472
1397	473
1398	465
1399	463
1400	466
1401	464
1402	467
1403	468
1404	467
1405	467
1406	468
1407	467
1408	470
1409	473
1410	473
1411	470
1412	469
1413	470
1414	470
1415	462
1416	465
1417	467
1418	468
1419	468
1420	468
1421	465
1422	468
1423	465
1424	472
1425	470
1426	470
1427	471
1428	473
1429	470
1430	472
1431	472
1432	471
1433	473
1434	466
1435	465
1436	468
1437	467
1438	465
1439	467
1440	469
1441	468
1442	468
1443	470
1444	471
1445	472
1446	470
1447	470
1448	471
1449	468
1450	470
1451	464
1452	464
1453	468
1454	465
1455	466
1456	466
1457	468
1458	467
1459	472
1460	471
1461	468
1462	471
1463	472
1464	470
1465	473
1466	465
1467	467
1468	464
1469	464
1470	468
1471	468
1472	473
1473	469
1474	473
1475	470
1476	470
1477	462
1478	462
1479	467
1480	464
1481	468
1482	468
1483	468
1484	467
1485	463
1486	470
1487	469
1488	471
1489	472
1490	470
1491	473
1492	462
1493	468
1494	468
1495	466
1496	468
1497	464
1498	468
1499	468
1500	465
1501	468
1502	468
1503	467
1504	465
1505	466
1506	467
1507	472
1508	473
1509	470
1510	470
1511	469
1512	473
1513	465
1514	464
1515	465
1516	466
1517	466
1518	465
1519	467
1520	464
1521	468
1522	470
1523	469
1524	473
1525	470
1526	472
1527	472
1528	469
1529	473
1530	472
1531	466
1532	462
1533	468
1534	467
1535	466
1536	468
1537	468
1538	468
1539	467
1540	472
1541	473
1542	470
1543	471
1544	471
1545	468
1546	470
1547	471
1548	464
1549	462
1550	466
1551	466
1552	464
1553	465
1554	467
1555	467
1556	472
1557	469
1558	472
1559	468
1560	472
1561	463
1562	465
1563	468
1564	466
1565	468
1566	468
1567	469
1568	468
1569	471
1570	471
1571	470
1572	471
1573	468
1574	469
1575	468
1576	468
1577	472
1578	464
1579	469
1580	468
1581	467
1582	465
1583	467
1584	464
1585	471
1586	472
1587	470
1588	470
1589	469
1590	469
1591	469
1592	470
1593	472
1594	470
1595	468
1596	468
1597	468
1598	464
1599	468
1600	470
1601	468
1602	473
1603	470
1604	470
1605	468
1606	465
1607	466
1608	466
1609	467
1610	464
1611	466
1612	468
1613	468
1614	467
1615	468
1616	469
1617	469
1618	470
1619	470
1620	470
1621	472
1622	470
1623	465
1624	463
1625	467
1626	462
1627	464
1628	466
1629	467
1630	468
1631	468
1632	467
1633	467
1634	467
1635	464
1636	472
1637	469
1638	473
1639	472
1640	470
1641	471
1642	471
1643	464
1644	464
1645	466
1646	468
1647	468
1648	468
1649	465
1650	466
1651	467
1652	467
1653	469
1654	470
1655	470
1656	465
1657	464
1658	469
1659	468
1660	466
1661	468
1662	473
1663	471
1664	469
1665	472
1666	468
1667	473
1668	469
1669	473
1670	468
1671	468
1672	473
1673	465
1674	464
1675	466
1676	467
1677	465
1678	465
1679	465
1680	468
1681	468
1682	468
1683	470
1684	470
1685	471
1686	470
1687	472
1688	468
1689	468
1690	474
1691	462
1692	462
1693	464
1694	464
1695	466
1696	468
1697	466
1698	468
1699	467
1700	466
1701	467
1702	468
1703	468
1704	473
1705	470
1706	468
1707	468
1708	471
1709	473
1710	470
1711	463
1712	466
1713	467
1714	467
1715	464
1716	468
1717	469
1718	466
1719	467
1720	470
1721	472
1722	471
1723	471
1724	472
1725	472
1726	469
1727	473
1728	471
1729	472
1730	470
1731	468
1732	473
1733	465
1734	468
1735	470
1736	470
1737	473
1738	470
1739	470
1740	465
1741	463
1742	467
1743	464
1744	471
1745	468
1746	470
1747	468
1748	470
1749	472
1750	472
1751	468
1752	470
1753	471
1754	474
1755	467
1756	462
1757	468
1758	468
1759	469
1760	473
1761	473
1762	472
1763	473
1764	473
1765	472
1766	468
1767	468
1768	471
1769	474
1770	462
1771	468
1772	468
1773	468
1774	470
1775	471
1776	469
1777	473
1778	468
1779	470
1780	473
1781	472
1782	470
1783	468
1784	468
1785	466
1786	468
1787	464
1788	468
1789	464
1790	468
1791	472
1792	472
1793	473
1794	470
1795	473
1796	470
1797	468
1798	466
1799	464
1800	468
1801	464
1802	468
1803	473
1804	469
1805	468
1806	468
1807	471
1808	471
1809	472
1810	468
1811	470
1812	462
1813	467
1814	466
1815	464
1816	468
1817	464
1818	465
1819	469
1820	469
1821	469
1822	472
1823	471
1824	471
1825	470
1826	472
1827	465
1828	466
1829	465
1830	464
1831	466
1832	465
1833	466
1834	468
1835	466
1836	467
1837	469
1838	470
1839	470
1840	470
1841	472
1842	471
1843	468
1844	472
1845	472
1846	466
1847	464
1848	462
1849	466
1850	465
1851	466
1852	464
1853	464
1854	467
1855	466
1856	466
1857	470
1858	472
1859	470
1860	471
1861	470
1862	468
1863	471
1864	470
1865	467
1866	463
1867	465
1868	466
1869	468
1870	468
1871	467
1872	468
1873	464
1874	467
1875	467
1876	468
1877	468
1878	468
1879	472
1880	473
1881	469
1882	469
1883	471
1884	462
1885	465
1886	466
1887	465
1888	464
1889	467
1890	472
1891	470
1892	473
1893	473
1894	468
1895	468
1896	466
1897	462
1898	469
1899	468
1900	468
1901	468
1902	468
1903	470
1904	473
1905	470
1906	470
1907	470
1908	471
1909	470
1910	471
1911	470
1912	471
1913	471
1914	468
1915	469
1916	466
1917	468
1918	468
1919	469
1920	467
1921	469
1922	463
1923	472
1924	472
1925	472
1926	468
1927	470
1928	471
1929	470
1930	467
1931	470
1932	471
1933	473
1934	465
1935	465
1936	468
1937	468
1938	467
1939	471
1940	472
1941	468
1942	469
1943	468
1944	471
1945	472
1946	470
1947	471
1948	473
1949	473
1950	470
1951	471
1952	472
1953	473
1954	467
1955	468
1956	468
1957	468
1958	468
1959	468
1960	469
1961	472
1962	470
1963	471
1964	468
1965	472
1966	470
1967	462
1968	462
1969	465
1970	464
1971	468
1972	464
1973	468
1974	468
1975	465
1976	465
1977	472
1978	473
1979	472
1980	471
1981	472
1982	471
1983	472
1984	472
1985	474
1986	462
1987	462
1988	468
1989	464
1990	465
1991	466
1992	468
1993	469
1994	464
1995	468
1996	466
1997	467
1998	470
1999	471
2000	470
2001	470
2002	472
2003	470
2004	471
2005	471
2006	471
2007	470
2008	472
2009	472
2010	473
2011	472
2012	465
2013	467
2014	465
2015	468
2016	465
2017	467
2018	469
2019	464
2020	468
2021	469
2022	472
2023	471
2024	471
2025	470
2026	471
2027	472
2028	468
2029	470
2030	473
2031	468
2032	468
2033	469
2034	472
2035	468
2036	468
2037	469
2038	473
2039	471
2040	468
2041	470
2042	468
2043	470
2044	468
2045	466
2046	467
2047	466
2048	470
2049	470
2050	473
2051	473
2052	468
2053	469
2054	468
2055	471
2056	470
2057	471
2058	472
2059	466
2060	464
2061	468
2062	466
2063	465
2064	470
2065	468
2066	473
2067	469
2068	472
2069	469
2070	470
2071	462
2072	466
2073	469
2074	464
2075	467
2076	468
2077	466
2078	464
2079	464
2080	469
2081	470
2082	472
2083	468
2084	470
2085	468
2086	462
2087	464
2088	462
2089	468
2090	466
2091	467
2092	468
2093	464
2094	467
2095	464
2096	473
2097	470
2098	468
2099	470
2100	472
2101	472
2102	470
2103	473
2104	470
2105	471
1	462
2	464
3	464
4	467
5	468
6	469
7	464
8	467
9	468
10	469
11	472
12	468
13	472
14	467
15	464
16	465
17	467
18	468
19	469
20	472
21	469
22	468
23	467
24	468
25	467
26	468
27	468
28	468
29	473
30	470
31	469
32	472
33	468
34	469
35	464
36	462
37	467
38	466
39	468
40	472
41	472
42	472
43	473
44	470
45	471
46	471
47	470
48	462
49	468
50	464
51	468
52	469
53	464
54	466
55	466
56	469
57	464
58	471
59	473
60	470
61	473
62	473
63	468
64	468
65	472
66	471
67	465
68	462
69	464
70	466
71	464
72	466
73	465
74	466
75	466
76	472
77	470
78	472
79	473
80	472
81	468
82	465
83	464
84	466
85	467
86	465
87	468
88	464
89	468
90	468
91	470
92	470
93	470
94	468
95	470
96	471
97	471
98	468
99	472
100	470
101	472
102	468
103	472
104	465
105	464
106	467
107	468
108	468
109	467
110	465
111	470
112	471
113	471
114	472
115	472
116	464
117	466
118	466
119	468
120	473
121	468
122	472
123	470
124	472
125	470
126	470
127	470
128	472
129	464
130	464
131	463
132	464
133	469
134	468
135	468
136	473
137	473
138	473
139	469
140	472
141	470
142	473
143	468
144	465
145	464
146	468
147	464
148	464
149	467
150	468
151	468
152	467
153	468
154	468
155	468
156	465
157	467
158	468
159	473
160	469
161	470
162	462
163	464
164	464
165	464
166	466
167	467
168	467
169	464
170	467
171	468
172	464
173	465
174	470
175	470
176	472
177	470
178	469
179	473
180	472
181	471
182	471
183	464
184	464
185	466
186	467
187	466
188	468
189	468
190	468
191	468
192	471
193	468
194	471
195	472
196	470
197	472
198	471
199	471
200	473
201	464
202	466
203	466
204	469
205	468
206	467
207	464
208	468
209	468
210	471
211	472
212	473
213	464
214	462
215	468
216	467
217	468
218	468
219	466
220	466
221	470
222	472
223	472
224	468
225	471
226	471
227	472
228	472
229	470
230	473
231	464
232	463
233	466
234	468
235	468
236	468
237	467
238	467
239	469
240	468
241	466
242	472
243	472
244	473
245	462
246	466
247	464
248	466
249	472
250	471
251	468
252	473
253	471
254	468
255	466
256	467
257	468
258	468
259	466
260	468
261	468
262	465
263	473
264	473
265	473
266	473
267	471
268	470
269	472
270	468
271	471
272	471
273	467
274	466
275	466
276	468
277	468
278	468
279	464
280	465
281	468
282	472
283	471
284	473
285	473
286	469
287	472
288	467
289	469
290	464
291	468
292	466
293	468
294	472
295	472
296	470
297	470
298	470
299	473
300	467
301	467
302	465
303	468
304	468
305	468
306	472
307	470
308	470
309	471
310	471
311	471
312	472
313	470
314	465
315	467
316	468
317	467
318	468
319	468
320	463
321	473
322	473
323	469
324	473
325	468
326	468
327	470
328	471
329	473
330	473
331	462
332	462
333	464
334	468
335	466
336	468
337	466
338	472
339	473
340	472
341	473
342	470
343	471
344	465
345	462
346	467
347	466
348	466
349	468
350	466
351	468
352	473
353	472
354	470
355	472
356	470
357	468
358	471
359	473
360	463
361	466
362	465
363	464
364	464
365	467
366	467
367	467
368	468
369	464
370	468
371	473
372	468
373	472
374	470
375	462
376	467
377	462
378	464
379	467
380	469
381	468
382	468
383	465
384	466
385	472
386	472
387	470
388	468
389	473
390	469
391	472
392	473
393	468
394	470
395	472
396	467
397	467
398	465
399	464
400	468
401	465
402	466
403	468
404	468
405	470
406	473
407	472
408	473
409	466
410	467
411	466
412	467
413	465
414	468
415	468
416	467
417	471
418	472
419	472
420	473
421	462
422	462
423	466
424	467
425	470
426	469
427	468
428	469
429	471
430	468
431	471
432	470
433	468
434	470
435	473
436	465
437	466
438	469
439	465
440	464
441	465
442	468
443	467
444	465
445	470
446	472
447	471
448	473
449	472
450	471
451	468
452	472
453	468
454	473
455	468
456	466
457	468
458	468
459	472
460	472
461	470
462	469
463	470
464	470
465	468
466	467
467	467
468	467
469	466
470	465
471	471
472	472
473	468
474	472
475	472
476	471
477	469
478	469
479	473
480	468
481	467
482	465
483	467
484	468
485	468
486	468
487	468
488	467
489	466
490	468
491	472
492	473
493	472
494	470
495	472
496	470
497	473
498	474
499	470
500	467
501	468
502	466
503	468
504	468
505	471
506	468
507	472
508	474
509	465
510	466
511	466
512	468
513	470
514	472
515	468
516	471
517	462
518	467
519	468
520	468
521	464
522	467
523	467
524	464
525	468
526	470
527	472
528	467
529	471
530	470
531	471
532	472
533	462
534	466
535	464
536	468
537	468
538	468
539	465
540	466
541	468
542	472
543	469
544	469
545	470
546	470
547	467
548	466
549	469
550	468
551	466
552	467
553	468
554	467
555	472
556	470
557	470
558	470
559	473
560	467
561	462
562	466
563	468
564	467
565	466
566	468
567	464
568	468
569	473
570	470
571	472
572	471
573	471
574	470
575	472
576	465
577	467
578	468
579	468
580	467
581	464
582	468
583	464
584	467
585	469
586	465
587	467
588	471
589	470
590	471
591	470
592	473
593	469
594	464
595	467
596	462
597	465
598	466
599	467
600	467
601	468
602	465
603	465
604	464
605	471
606	472
607	465
608	464
609	467
610	464
611	467
612	467
613	468
614	467
615	467
616	468
617	464
618	467
619	470
620	472
621	470
622	472
623	461
624	467
625	466
626	466
627	468
628	468
629	465
630	469
631	470
632	473
633	470
634	469
635	470
636	468
637	470
638	473
639	464
640	465
641	468
642	467
643	468
644	470
645	472
646	469
647	471
648	470
649	472
650	472
651	472
652	471
653	474
654	462
655	467
656	466
657	468
658	468
659	465
660	467
661	468
662	466
663	470
664	470
665	468
666	470
667	470
668	470
669	462
670	464
671	468
672	467
673	468
674	466
675	464
676	468
677	466
678	472
679	473
680	471
681	472
682	471
683	462
684	466
685	465
686	467
687	464
688	469
689	465
690	464
691	470
692	471
693	472
694	470
695	468
696	465
697	466
698	467
699	468
700	473
701	473
702	468
703	471
704	473
705	470
706	471
707	462
708	466
709	466
710	468
711	467
712	472
713	472
714	468
715	470
716	469
717	470
718	473
719	467
720	467
721	466
722	465
723	464
724	468
725	466
726	468
727	472
728	468
729	472
730	470
731	469
732	473
733	471
734	471
735	470
736	473
737	473
738	467
739	467
740	464
741	466
742	470
743	468
744	470
745	473
746	470
747	465
748	464
749	468
750	467
751	467
752	464
753	466
754	467
755	469
756	468
757	473
758	470
759	470
760	473
761	463
762	466
763	468
764	468
765	468
766	467
767	464
768	468
769	467
770	468
771	472
772	472
773	470
774	471
775	470
776	468
777	465
778	466
779	462
780	464
781	466
782	468
783	466
784	468
785	473
786	469
787	470
788	471
789	470
790	472
791	468
792	471
793	473
794	470
795	465
796	466
797	466
798	464
799	466
800	467
801	467
802	472
803	469
804	468
805	470
806	470
807	472
808	468
809	463
810	462
811	464
812	466
813	467
814	467
815	464
816	464
817	470
818	469
819	471
820	474
821	465
822	465
823	468
824	464
825	469
826	473
827	469
828	468
829	472
830	473
831	464
832	464
833	467
834	468
835	467
836	473
837	473
838	471
839	473
840	462
841	466
842	465
843	466
844	472
845	471
846	471
847	469
848	464
849	463
850	467
851	468
852	468
853	468
854	468
855	467
856	468
857	468
858	472
859	473
860	472
861	469
862	472
863	463
864	466
865	466
866	464
867	469
868	466
869	467
870	467
871	472
872	468
873	468
874	468
875	469
876	472
877	470
878	462
879	466
880	466
881	467
882	467
883	466
884	470
885	472
886	473
887	470
888	470
889	473
890	471
891	472
892	468
893	473
894	464
895	465
896	468
897	467
898	466
899	467
900	464
901	467
902	468
903	470
904	472
905	471
906	468
907	472
908	471
909	466
910	465
911	464
912	467
913	467
914	468
915	469
916	471
917	472
918	471
919	470
920	468
921	471
922	471
923	472
924	464
925	467
926	464
927	464
928	468
929	465
930	468
931	468
932	472
933	468
934	471
935	470
936	470
937	462
938	464
939	464
940	465
941	468
942	466
943	467
944	466
945	469
946	467
947	470
948	471
949	469
950	471
951	468
952	468
953	472
954	471
955	465
956	466
957	464
958	468
959	467
960	467
961	468
962	467
963	469
964	464
965	466
966	466
967	469
968	472
969	468
970	470
971	468
972	466
973	466
974	466
975	465
976	470
977	470
978	469
979	469
980	470
981	471
982	462
983	466
984	468
985	467
986	464
987	468
988	468
989	468
990	470
991	473
992	470
993	471
994	468
995	470
996	470
997	474
998	468
999	468
1000	465
1001	468
1002	468
1003	467
1004	464
1005	467
1006	472
1007	472
1008	471
1009	471
1010	471
1011	469
1012	472
1013	468
1014	472
1015	470
1016	470
1017	473
1018	463
1019	468
1020	466
1021	468
1022	468
1023	467
1024	468
1025	467
1026	470
1027	472
1028	473
1029	470
1030	473
1031	471
1032	470
1033	472
1034	473
1035	467
1036	467
1037	468
1038	466
1039	466
1040	470
1041	470
1042	471
1043	471
1044	472
1045	471
1046	470
1047	468
1048	472
1049	467
1050	466
1051	468
1052	464
1053	467
1054	466
1055	467
1056	468
1057	466
1058	467
1059	468
1060	468
1061	474
1062	472
1063	473
1064	470
1065	471
1066	470
1067	471
1068	474
1069	466
1070	468
1071	467
1072	465
1073	465
1074	467
1075	470
1076	468
1077	472
1078	471
1079	472
1080	462
1081	466
1082	469
1083	468
1084	468
1085	468
1086	470
1087	472
1088	471
1089	471
1090	464
1091	465
1092	466
1093	466
1094	467
1095	468
1096	464
1097	467
1098	464
1099	469
1100	470
1101	469
1102	470
1103	471
1104	472
1105	462
1106	465
1107	466
1108	464
1109	466
1110	465
1111	465
1112	473
1113	468
1114	469
1115	468
1116	470
1117	473
1118	466
1119	464
1120	467
1121	469
1122	469
1123	472
1124	472
1125	470
1126	471
1127	466
1128	466
1129	467
1130	468
1131	467
1132	468
1133	471
1134	472
1135	471
1136	471
1137	471
1138	470
1139	471
1140	472
1141	470
1142	470
1143	468
1144	464
1145	466
1146	468
1147	468
1148	468
1149	467
1150	470
1151	471
1152	470
1153	473
1154	472
1155	470
1156	466
1157	468
1158	464
1159	467
1160	468
1161	468
1162	468
1163	468
1164	465
1165	466
1166	469
1167	473
1168	470
1169	469
1170	473
1171	471
1172	470
1173	469
1174	472
1175	472
1176	464
1177	464
1178	466
1179	467
1180	466
1181	467
1182	466
1183	468
1184	468
1185	465
1186	468
1187	470
1188	472
1189	467
1190	471
1191	471
1192	473
1193	464
1194	468
1195	467
1196	466
1197	464
1198	464
1199	468
1200	468
1201	466
1202	472
1203	473
1204	469
1205	472
1206	472
1207	469
1208	472
1209	474
1210	465
1211	466
1212	462
1213	468
1214	467
1215	470
1216	470
1217	472
1218	472
1219	472
1220	470
1221	465
1222	464
1223	469
1224	470
1225	471
1226	470
1227	473
1228	467
1229	466
1230	466
1231	466
1232	472
1233	468
1234	473
1235	468
1236	467
1237	467
1238	467
1239	468
1240	464
1241	465
1242	468
1243	466
1244	468
1245	468
1246	470
1247	472
1248	472
1249	469
1250	471
1251	471
1252	464
1253	468
1254	467
1255	468
1256	467
1257	468
1258	468
1259	468
1260	470
1261	473
1262	471
1263	470
1264	470
1265	471
1266	472
1267	468
1268	474
1269	468
1270	466
1271	464
1272	467
1273	471
1274	473
1275	470
1276	470
1277	469
1278	472
1279	474
1280	464
1281	468
1282	468
1283	470
1284	469
1285	467
1286	469
1287	469
1288	471
1289	473
1290	466
1291	467
1292	467
1293	467
1294	473
1295	470
1296	472
1297	468
1298	470
1299	467
1300	473
1301	468
1302	472
1303	466
1304	470
1305	469
1306	473
1307	464
1308	468
1309	468
1310	466
1311	468
1312	466
1313	469
1314	473
1315	470
1316	473
1317	470
1318	468
1319	472
1320	470
1321	462
1322	466
1323	466
1324	467
1325	467
1326	464
1327	468
1328	465
1329	467
1330	470
1331	472
1332	470
1333	473
1334	464
1335	462
1336	464
1337	467
1338	464
1339	467
1340	466
1341	466
1342	464
1343	467
1344	472
1345	470
1346	473
1347	468
1348	468
1349	471
1350	473
1351	462
1352	468
1353	464
1354	464
1355	466
1356	467
1357	468
1358	468
1359	471
1360	470
1361	473
1362	472
1363	471
1364	468
1365	467
1366	464
1367	468
1368	466
1369	467
1370	467
1371	465
1372	465
1373	470
1374	469
1375	473
1376	470
1377	464
1378	467
1379	465
1380	468
1381	473
1382	468
1383	473
1384	471
1385	470
1386	470
1387	473
1388	461
1389	465
1390	468
1391	465
1392	469
1393	466
1394	466
1395	469
1396	472
1397	470
1398	473
1399	468
1400	470
1401	473
1402	466
1403	467
1404	466
1405	468
1406	465
1407	465
1408	466
1409	468
1410	466
1411	473
1412	472
1413	470
1414	472
1415	470
1416	471
1417	473
1418	468
1419	468
1420	467
1421	468
1422	471
1423	471
1424	470
1425	468
1426	468
1427	467
1428	467
1429	467
1430	466
1431	467
1432	467
1433	468
1434	472
1435	470
1436	472
1437	472
1438	470
1439	473
1440	468
1441	467
1442	465
1443	468
1444	468
1445	468
1446	464
1447	468
1448	466
1449	466
1450	468
1451	468
1452	469
1453	468
1454	469
1455	472
1456	470
1457	474
1458	470
1459	465
1460	467
1461	466
1462	468
1463	467
1464	466
1465	467
1466	472
1467	472
1468	471
1469	470
1470	472
1471	470
1472	474
1473	465
1474	466
1475	464
1476	467
1477	467
1478	469
1479	473
1480	471
1481	468
1482	472
1483	462
1484	462
1485	468
1486	464
1487	464
1488	466
1489	469
1490	473
1491	470
1492	471
1493	470
1494	467
1495	464
1496	468
1497	464
1498	468
1499	464
1500	467
1501	469
1502	468
1503	472
1504	473
1505	467
1506	462
1507	466
1508	464
1509	468
1510	468
1511	467
1512	464
1513	464
1514	465
1515	468
1516	468
1517	471
1518	469
1519	464
1520	466
1521	465
1522	467
1523	466
1524	469
1525	467
1526	466
1527	467
1528	465
1529	467
1530	470
1531	469
1532	468
1533	473
1534	468
1535	471
1536	472
1537	471
1538	472
1539	470
1540	471
1541	465
1542	464
1543	469
1544	464
1545	464
1546	467
1547	467
1548	472
1549	472
1550	471
1551	470
1552	471
1553	470
1554	472
1555	472
1556	473
1557	464
1558	462
1559	466
1560	466
1561	468
1562	467
1563	465
1564	465
1565	465
1566	471
1567	470
1568	469
1569	471
1570	471
1571	473
1572	471
1573	473
1574	467
1575	468
1576	466
1577	473
1578	472
1579	472
1580	468
1581	472
1582	468
1583	466
1584	467
1585	469
1586	472
1587	470
1588	469
1589	468
1590	473
1591	468
1592	472
1593	464
1594	468
1595	466
1596	466
1597	470
1598	470
1599	468
1600	468
1601	469
1602	466
1603	462
1604	467
1605	466
1606	464
1607	468
1608	467
1609	466
1610	472
1611	472
1612	472
1613	473
1614	472
1615	471
1616	468
1617	471
1618	470
1619	470
1620	462
1621	466
1622	467
1623	467
1624	468
1625	467
1626	470
1627	469
1628	468
1629	470
1630	472
1631	462
1632	462
1633	466
1634	464
1635	469
1636	468
1637	464
1638	465
1639	467
1640	467
1641	467
1642	469
1643	472
1644	471
1645	473
1646	468
1647	471
1648	469
1649	470
1650	465
1651	466
1652	466
1653	467
1654	468
1655	468
1656	473
1657	470
1658	468
1659	471
1660	470
1661	470
1662	472
1663	472
1664	472
1665	467
1666	466
1667	464
1668	465
1669	468
1670	468
1671	467
1672	472
1673	471
1674	469
1675	473
1676	470
1677	473
1678	464
1679	466
1680	468
1681	469
1682	473
1683	471
1684	473
1685	471
1686	471
1687	473
1688	471
1689	462
1690	467
1691	468
1692	464
1693	468
1694	467
1695	466
1696	466
1697	473
1698	467
1699	468
1700	468
1701	472
1702	471
1703	472
1704	465
1705	464
1706	467
1707	468
1708	468
1709	466
1710	467
1711	466
1712	469
1713	466
1714	468
1715	470
1716	473
1717	472
1718	469
1719	471
1720	466
1721	467
1722	466
1723	468
1724	468
1725	466
1726	467
1727	466
1728	468
1729	471
1730	473
1731	472
1732	464
1733	465
1734	467
1735	473
1736	471
1737	470
1738	472
1739	471
1740	470
1741	473
1742	465
1743	466
1744	466
1745	468
1746	472
1747	470
1748	468
1749	471
1750	471
1751	472
